1
10000 10000
8183
4010
3307
674
8134
8015
2075
6587
459
1089
8897
8598
7540
3319
7092
7826
7768
5768
8719
4348
3747
5885
5400
2238
4404
9486
8325
7893
6088
8419
2039
8595
4594
7718
4789
76
6572
8062
7933
8955
6224
4677
8001
5216
1302
4345
882
7107
7436
711
9198
7378
3204
7387
6424
1079
9923
3794
6948
9768
1750
6790
5405
5658
869
3978
7393
5950
5875
1679
4297
8224
2049
2362
1211
6974
1900
2326
4114
8394
1426
7690
3365
4000
3429
2769
4430
4787
4904
1035
2664
6795
978
4574
5425
4389
2810
2940
2904
5681
6631
8583
4342
3627
5407
345
6762
7096
2517
8137
7713
856
3573
6493
6180
308
6743
3937
9403
2772
8344
8682
3939
9187
8514
6704
1025
7875
4690
8043
4867
2310
3479
8950
2017
3960
8525
6341
6928
3863
9689
8013
1597
3799
2889
2325
7206
8221
7627
5029
6322
5403
4935
9082
6817
8144
7080
6800
6616
6060
169
3428
4116
2094
5833
7748
4906
5758
1206
63
1877
7843
4760
7986
4950
1338
9960
6814
3932
5817
9816
4098
6254
3126
9620
5420
5942
3688
6210
2264
7859
3975
1843
853
536
5630
8105
666
406
6257
4491
6132
4385
3789
9533
8469
887
7591
5371
6463
5731
4459
2907
6147
9901
5609
7528
3566
1553
4772
8106
4442
5021
9318
6344
2537
3623
4610
3632
3927
7243
787
3076
6592
2672
5297
6872
9169
2929
8050
8149
9415
3585
1505
470
5467
5236
2148
501
9106
359
6889
1311
9633
2678
3955
2557
7094
4516
4550
4664
121
9760
3614
1413
9802
1166
211
4280
7734
4834
418
1418
9456
5929
5603
2221
4648
4614
4188
4167
893
8152
6584
4650
6085
3193
5509
803
7308
213
5803
647
9663
1319
9499
3272
641
8852
5901
1883
6368
9419
9954
2005
9545
4125
6760
1595
1866
3298
5692
2541
1907
8272
2965
9427
6742
1802
2687
8820
8925
8114
5955
6446
3327
6290
5241
3483
9881
1562
8440
5351
6699
6016
9544
2653
2701
4566
7596
3253
1104
2357
1243
6431
9506
7286
6894
1145
7031
5848
7065
292
4874
4551
1360
8802
2877
9886
2480
410
448
8731
6986
1346
5054
1902
3183
4054
2333
8125
3145
2448
2375
9585
349
3893
2705
9753
4038
4320
9174
252
788
3641
7664
8895
2925
8501
9626
6004
2616
6042
7420
362
1444
7357
9286
3170
8929
2090
6718
9253
9406
4785
5011
9863
9558
2891
9222
1425
5293
3504
9695
2615
6101
108
6449
3524
6668
6151
5838
8907
6633
6440
4123
6221
6565
1193
9412
3922
2085
2791
9930
8627
4955
4927
6150
350
6017
8782
3124
4228
9738
9906
8311
4857
9880
6136
6295
2194
9992
587
2494
9022
2014
7806
9572
6400
8449
7244
514
4307
9053
818
238
5119
9735
814
8129
6883
9392
2676
1781
5733
5156
591
7435
249
7273
9548
1643
3921
6630
1899
444
7525
5874
6511
4563
5704
3169
575
6028
4559
7833
3523
5712
9615
6944
7282
9349
3198
7708
4992
6313
9551
6717
4658
11
1329
3604
6563
3669
8063
717
4030
3112
1157
8933
1967
1608
381
9010
1199
4870
9965
4821
1683
6278
7249
4221
1366
5571
9534
9640
4398
2805
2692
4490
8812
7681
2832
4049
3950
5620
682
9240
4706
3376
5165
9247
772
4961
2312
1435
2016
9714
51
4804
3212
468
7175
7635
7409
3167
2120
3111
661
4044
8924
277
4515
7391
990
8187
2930
4849
7927
3395
9871
7726
8004
6787
1289
2542
1130
668
7269
2306
3334
80
5424
7434
4310
881
1194
3786
7474
9310
1721
4074
3064
932
9134
5116
8075
1403
2301
6459
9314
4652
9285
953
4646
6343
3734
2656
3520
6879
9019
1100
6371
6499
4948
4328
4632
6804
8352
9914
1730
471
5718
8978
2068
7488
1484
2338
355
7866
1654
5534
7778
1438
3423
160
1872
8555
6191
1801
8256
9283
8130
5949
1850
8126
5330
2181
6993
1646
7261
1671
1159
1210
2241
9766
3750
4623
7242
2510
4333
22
1045
1777
1514
9056
3260
2386
9928
7258
7916
9271
8522
3396
3164
9236
8030
2712
1328
4309
4254
2840
8527
8235
1230
9279
4033
6854
5210
4640
5277
469
5017
6149
9097
7174
7780
8861
9989
6383
1085
9521
5104
4318
2820
5491
7792
401
3059
6018
3764
3055
854
1481
969
4115
622
7640
3834
2072
6231
5953
3868
9743
195
4081
3251
6799
5596
6734
7770
3101
3753
9505
9924
8033
6262
4713
1011
203
347
5294
8446
7120
8298
4521
4048
785
476
8392
9448
9741
6741
3618
6956
7597
8012
2845
4397
1057
4847
2710
6286
9518
8444
4891
4449
5196
155
7879
8805
6135
2696
4958
5826
1531
9161
5640
5623
4565
4811
4765
5007
1038
5773
5753
2699
6620
2331
5713
3519
9030
2206
5703
1452
3286
944
3359
8147
8664
9946
2421
9414
2611
2439
5760
205
5187
528
6936
9662
8377
378
664
6266
8824
656
7817
1069
6532
3088
2086
5057
8418
2117
6247
9754
7763
1097
7135
539
2655
4780
7364
1741
2320
1088
7537
2978
651
9311
4373
8994
5027
3083
8133
9856
8801
9133
635
7805
4332
546
1188
5861
7312
5672
5729
796
5938
2413
5390
485
210
264
5752
6966
896
2474
5477
7020
6802
231
3673
5292
9659
6166
8917
8615
858
422
6748
8276
4018
7762
1356
8303
4382
3080
3028
8911
9821
1950
1467
6338
2228
8057
6253
5189
1370
290
7369
3458
5402
4274
2104
9379
984
937
9987
745
1582
7822
2358
2859
7658
5744
5095
450
6824
82
5637
4146
6145
3295
2813
8411
3239
87
6084
6590
679
7712
6581
9847
9679
504
9304
920
4795
4267
1998
883
7970
1863
6059
9139
9713
1208
1431
3263
6792
5863
8871
3808
4458
8160
1460
8349
3025
5197
1364
764
7233
4778
1581
4340
4261
9359
3683
7978
7909
443
9650
1241
6662
9564
7862
2949
4899
4248
7217
1953
4817
5437
5303
4708
2218
6788
7394
9747
9997
3607
8856
832
4126
6614
5589
5395
7820
1144
1918
6602
3714
5006
9740
9540
5240
9388
8939
7478
9964
5091
7011
4172
4959
8396
5242
9075
9429
2495
7272
3248
6095
8020
8857
1805
6160
5818
6859
8953
8132
8718
8705
1958
786
351
806
2987
8841
3823
9922
8248
3996
2070
861
2401
5524
4682
7871
5910
5132
505
2382
8005
7323
3439
1917
6125
8181
6941
1101
8053
6043
7752
2831
6261
5002
596
1710
3354
1333
9563
4070
2720
2817
9329
9396
1702
5186
7109
2418
9216
2337
281
5198
6307
2225
3279
7575
6502
2677
1707
6907
650
6544
6468
3902
9790
1223
1330
8954
935
7072
50
3109
8880
6005
4788
4356
6397
4402
5109
2591
3535
7395
2028
38
7506
690
7740
747
3002
7110
163
2713
5023
2872
3908
7772
4395
9076
9393
3086
4556
2735
8510
3249
7150
565
9480
116
105
3421
2585
4784
6241
7467
9203
2612
9063
2563
6128
3190
857
9145
3318
6268
4291
3168
2734
3451
8951
6604
5851
9482
5605
8441
3489
9191
4822
1593
9955
4399
7059
638
2282
9797
4251
1946
4242
3713
3276
6114
7943
6597
6441
5635
7941
7764
2383
7318
3652
243
9641
6314
1459
9360
242
8993
3033
343
9568
3925
3870
2784
1633
8436
742
1727
9943
8178
1986
1755
8390
1718
2081
4440
1895
2633
3394
258
8192
2774
4859
921
8863
3267
3635
5077
7519
4227
8185
8416
2911
5550
342
9905
8588
6040
7840
3364
4792
1072
5751
9261
1772
9108
7195
769
5126
5616
4932
8182
1857
2718
9742
3760
4580
7220
2547
2350
2792
9154
2460
4472
1678
3854
1860
5073
780
6236
6279
9422
4990
4699
8975
1602
6856
9798
245
9916
8698
9537
8867
8214
6711
7620
9696
1105
7700
8892
8219
5830
223
3465
5906
1477
610
1443
992
848
209
2714
979
3000
8434
480
6543
794
7714
807
5269
5356
598
7333
8686
2277
6163
7193
9783
715
6480
7066
7158
9636
2643
1427
9698
758
9639
523
6716
5169
7218
662
7689
9041
2054
2176
4599
2099
590
3884
6810
1389
4198
5085
938
2741
123
1865
1676
9080
9823
2986
1108
7501
4534
3043
305
3824
6108
7517
7117
8284
778
1993
280
5396
2551
1698
2850
8109
1588
2816
8406
5163
2625
6200
3381
5443
6447
7742
1935
8351
4414
6251
9308
7186
5383
5479
3136
4383
2161
7126
8479
6385
8195
6025
4265
3225
5103
6688
7904
1496
3790
9813
5202
9530
1719
3817
912
4620
7688
8619
7949
9316
7655
4694
9259
1661
4947
7176
2524
2957
1864
4582
6443
3205
9020
966
3731
5501
6129
1446
7327
5480
5800
260
6546
2802
1948
1689
3773
8520
9762
3482
730
5450
4985
3258
2618
3741
6877
4232
7178
5819
9683
9250
1275
6684
1668
7334
4631
9104
7541
230
5344
3705
9624
982
6700
1789
8977
3767
2797
5836
551
5226
9675
1150
6479
1381
1541
3727
6545
8461
6270
4136
5537
8967
7750
1853
6077
2123
4405
9194
3152
4113
8749
6647
8623
5028
2503
2062
6460
660
2245
9877
8422
2962
9811
5779
3463
5975
9963
8793
7728
9878
2751
6244
7256
7067
5985
431
8206
1968
8358
3311
9062
520
8650
9071
5628
7964
6107
886
6336
1180
4842
6773
4008
4359
8470
2694
5579
4189
4287
4032
7727
4995
851
9634
1384
7811
387
130
8007
9425
5147
7169
1933
974
989
5274
2509
2195
3436
7024
6923
7205
4767
2131
4249
5562
3495
5385
2032
8414
8864
522
4905
3486
9712
178
3117
5653
2763
3103
7921
808
5252
8770
7959
1604
4180
1027
4541
7212
3234
3430
3287
6758
515
1906
3216
1458
9613
5010
6847
400
7853
9680
3512
4775
3777
4112
2620
6174
5963
9969
5759
5191
2942
6434
131
8285
3783
1149
5113
9116
4571
533
4758
4605
5301
3651
8092
376
4281
2984
8706
9012
8222
3827
1804
5516
3470
6475
144
7503
4437
749
6051
4609
1305
2853
2652
7288
6926
4520
5341
2667
6724
3801
3642
8355
248
5897
5481
4976
5845
8842
1081
1647
7338
2284
5622
9109
8767
2522
7375
4928
4401
9553
5621
8920
5272
756
9136
92
4157
8282
6679
8894
1600
2552
9282
1315
3340
9380
2443
9208
2035
9612
9172
6161
4209
3901
240
1197
7960
8654
1288
3061
8673
399
1472
6008
4510
6289
9179
5208
7339
196
7494
7168
1340
6277
7320
1127
9703
5612
4324
5930
4169
8083
7348
5813
3809
9953
45
2304
1831
6617
3730
4013
7868
2514
5563
1577
7701
9112
1504
2290
4991
7260
9653
6844
1416
902
6583
4463
9586
8502
7731
1859
1687
8046
2436
502
6556
6628
7069
3818
1886
5291
2801
7514
1196
6730
7735
8691
3515
28
2391
4960
4097
6701
6713
2396
4370
6312
3235
6118
7331
4689
2271
5504
8172
7542
6945
4745
460
6219
9947
8807
5527
9237
9669
5812
1799
3842
5378
8874
6037
9352
7114
7549
6003
3455
7771
99
5872
1396
7234
489
1258
4896
4177
962
1049
2286
5693
4428
2237
7360
2994
7305
1164
4106
9808
2781
2095
5444
6464
7082
4831
9416
8278
8091
7392
3450
1482
5106
9105
640
5705
4052
8580
8521
4384
1976
6937
5582
2989
8447
302
5649
4888
1405
5831
9488
9515
3622
5391
566
2411
6280
568
6137
9776
4063
2729
1836
7985
9438
1303
2869
7628
9275
1337
3007
5440
5248
874
8702
157
4433
9605
6138
1178
4272
6183
7200
1480
8234
7322
3020
5155
3146
7314
31
2055
7002
4086
8215
3143
2998
7872
6407
9190
9631
1321
7019
2766
4983
3625
6420
7164
3123
1394
9470
1518
2997
6767
1234
2843
9299
8594
6408
4525
8375
309
6951
9517
4797
9137
8426
7321
4005
5529
5215
2876
5063
6991
9643
4872
828
3398
5377
9831
5576
5871
5067
901
614
4446
4704
5754
4598
5097
4208
7704
7141
4802
3505
2739
8118
7095
9677
9479
7665
3631
7910
5841
3556
4104
4036
7550
8176
2852
2080
8763
1920
6995
561
4968
1670
8232
581
6204
3013
2765
2441
4555
2946
7035
5167
918
2975
9451
6885
3554
4639
5497
5419
3636
5879
6624
4271
9646
3856
3397
6972
6542
7407
3709
5439
5413
6518
3487
447
391
9362
6821
8890
3335
1793
7388
2870
9284
1564
4289
1226
9221
1214
9256
3160
139
9868
3140
597
5820
384
2674
5457
7188
4673
3230
4429
1744
5233
6027
2394
3203
6061
8515
2434
7797
3050
192
3294
311
197
6887
7980
9623
6963
8783
3380
9637
7807
7935
6621
9784
8699
9704
3473
4488
3804
6664
2875
4448
6337
6919
9556
8468
3602
4649
7283
630
4304
433
5415
1249
2340
6320
232
2757
7930
1201
4557
8548
4988
3158
8101
708
7498
9267
7680
5373
338
2023
3590
148
6927
3974
1992
4953
6282
7058
3664
5500
9941
8490
5131
643
5350
8516
5037
998
3510
2939
4219
6024
372
6223
9421
7453
4838
9040
407
4638
1829
1536
9196
6968
2761
9407
5502
3888
6461
945
9107
8082
7773
9575
2983
5366
8480
9347
7396
1545
2077
7207
2292
4170
7083
4475
6402
2244
1619
7465
2273
4482
4893
3363
1406
1118
7046
4898
4687
5549
6462
734
2319
9273
3508
834
9327
6929
7948
8207
6455
824
3527
6952
2395
4993
371
1002
3293
9476
9777
2635
5320
8258
5055
2208
2167
1044
3053
8111
2725
842
9511
2011
2854
3464
6822
7539
7598
3067
7368
6020
4256
8228
3945
7880
3703
3161
6656
4279
2899
2993
81
3041
1409
5195
3506
6484
4317
4418
8844
9982
7857
1112
156
760
5081
4400
90
9093
3331
5756
3694
114
4885
7302
4542
2424
3081
4467
3233
1664
8945
7972
9484
358
1578
7975
4613
8261
7865
4589
4339
3137
1026
4748
8692
7558
4672
9239
4866
2574
8223
85
6582
2933
1286
8157
1016
5749
60
4062
2938
5253
3026
2564
6491
9609
7971
8734
6934
8899
8751
3525
3649
7912
1437
2533
3552
7151
9120
8317
2794
1532
9301
5149
2681
2838
4897
2906
9921
6450
8998
5967
4012
5535
8203
7500
7471
2909
1200
6117
9464
8656
3121
7477
5996
2614
9535
4138
8141
1397
4341
2041
6868
3321
4853
1412
5947
3320
9054
7495
9493
1361
8089
2948
2158
7564
1932
6950
9912
5345
6866
835
437
4330
25
558
6603
3997
9833
879
8902
5518
2996
4698
987
7511
5250
5142
7184
6423
9763
167
9027
8966
8165
5384
3075
2990
9452
1941
3656
5970
1639
3903
718
4828
8784
4816
9453
4478
5977
9255
7241
8906
9435
9061
4726
8728
3853
7581
9972
1512
397
7077
3536
1927
1601
4587
691
7251
7132
3104
6235
518
4969
4159
663
377
2815
4132
6851
615
3236
2905
1263
8353
4396
7601
2303
7721
5645
8336
8079
9039
9371
2251
8291
8641
2762
3675
2183
5231
8587
9889
9904
7185
2354
2317
9582
4085
9223
4120
297
8681
72
5900
3304
1873
2372
4191
765
2584
416
6494
2917
7754
1891
1172
6958
3278
2896
8822
6351
103
5624
911
7672
4212
7254
4604
9350
4674
2644
6574
5406
8146
8791
287
562
8891
5404
7403
1317
2289
7306
8833
3275
5891
4956
7850
6766
3613
4105
3241
6823
8184
189
7891
9697
5431
9835
9487
963
5229
8040
5573
3027
4349
5268
7214
8324
3330
3751
5339
4001
8484
9913
8161
2669
608
2479
721
8927
3475
3571
8293
3084
7512
3336
4092
8002
275
344
9781
6899
2454
2519
9726
5135
4980
1470
1809
8794
4413
2456
8171
8366
7100
4293
6938
3994
3595
6627
3726
8384
3003
6023
6686
2908
5987
3326
9961
954
7389
7159
6429
2923
2046
4473
4913
957
6361
4996
8970
3498
2359
9896
436
5476
3435
6516
5066
9888
4791
2309
6901
9684
925
1123
4654
7562
779
2064
9956
6063
5133
5072
5159
5675
7652
1747
5013
6765
6764
8292
4174
6226
9772
7702
4949
8729
2937
9399
4417
295
4162
2457
3752
9073
4365
6143
5177
1326
5682
1140
2569
5343
7442
5659
8581
4825
694
3503
2387
6648
7125
3829
1587
2624
6209
6267
4564
6435
9694
4577
7616
1642
1161
836
3108
888
8081
257
5532
3434
3744
6775
6096
9559
3806
5436
6855
3593
3540
8166
6670
1833
3010
2724
3953
2919
1876
3907
9837
8926
530
2871
9070
3612
2209
2353
3349
862
7313
7458
5141
6752
4046
4722
4290
282
314
1162
5721
5166
53
482
5811
7373
3342
8685
7947
4982
3857
9939
1526
7918
5821
494
4073
6300
6139
678
4954
5870
2013
6777
7717
6983
6749
9254
6552
419
4808
7277
594
7274
5599
7136
434
1540
3671
5755
7190
5673
7097
4243
9503
5336
1239
2463
1314
3384
1187
4100
1362
9607
5039
4583
2478
4121
7144
128
4031
5593
5388
5478
427
1094
5945
9958
916
20
135
7638
9051
2645
5086
9066
2125
8451
677
6781
5914
9927
6490
3048
6818
7711
4636
6925
9163
4856
7461
4911
3957
7034
4730
8486
2163
5211
3665
1591
6394
3317
1248
120
1304
7747
9529
8662
3701
2527
6715
1388
2532
4777
1139
8322
5790
7795
143
6234
534
7883
9724
8116
8707
1594
7662
658
4377
4806
1146
3887
3947
3616
6340
1257
6177
8045
9732
4526
2881
2366
5487
6105
4295
6638
9167
8367
113
7524
7356
3174
3565
5989
3692
2722
5937
6636
8191
6738
7370
9795
6445
216
9090
619
2229
4809
846
2594
2010
2257
8972
5052
801
9670
4117
1255
6909
1845
7007
3462
2136
6737
9323
4618
3723
763
4942
6813
8431
4059
5486
4454
7934
6094
6401
4047
6188
8452
8100
1060
639
5706
3721
6311
7372
7605
4466
5997
4331
3351
6255
2332
9705
5757
1737
9201
8357
5543
9917
4144
6755
6595
111
2393
8679
3509
2516
7774
5100
253
8417
550
4770
3213
6069
4810
4322
8250
5583
7929
9547
5232
204
6548
3717
2088
692
943
6487
7663
9277
722
5278
1586
1082
1380
5540
7590
4077
7823
6571
3229
9153
7194
4540
8262
7973
5254
3698
3981
4711
9458
7401
9678
2012
7966
3056
9750
873
4135
5387
6932
8773
334
7976
3147
4337
6102
1151
6019
4390
7730
8028
1297
1790
493
6075
802
304
1378
2433
1221
3301
49
5084
7636
8227
5808
224
8693
2190
4259
5631
5769
7300
2445
3257
3563
955
2153
4660
3098
7602
579
5389
6072
3781
395
5313
1398
1077
8646
2760
4864
8290
4352
6759
2496
8078
9949
8826
7412
7739
3377
5453
7319
8711
66
8603
94
7270
9354
19
3674
3559
5980
8167
5528
4505
1
2048
5307
441
6663
2385
4474
6618
3144
860
2995
4659
8636
9100
7487
3031
644
5854
2488
5298
2675
4600
5432
7563
9497
7489
544
9369
6745
1618
3686
7010
4909
7660
424
2613
1546
1766
5503
8177
8721
2026
9565
57
2377
701
2106
4627
1486
6843
8179
39
8194
9876
5890
3935
4875
2888
798
6035
1476
9181
8289
3600
2738
5370
1924
5739
6080
5179
8724
704
8054
5367
8710
3141
1202
8008
71
8381
6453
5190
6922
8044
4615
9423
4552
2224
9654
9824
1635
9177
1181
3255
9394
4848
2215
7473
6935
9197
3189
4878
1219
3555
8065
8737
3850
9948
9628
9313
4934
7335
3281
2606
3238
9702
472
6053
6478
6780
2392
4303
5917
9385
8156
6399
2166
2932
3217
5717
9047
2160
7316
7834
5822
7799
2157
9175
4761
4643
2598
274
2364
6652
601
3348
8423
9491
6000
9270
7847
8049
5121
4544
7355
5804
9366
8477
2274
1447
0
1374
1490
6047
3544
4411
3114
6448
8596
9013
7543
3420
7376
7480
1811
7756
3999
8586
6530
4456
8320
1748
8777
2186
4518
5903
5604
7157
1043
4611
7379
8173
3954
9854
9211
6992
4355
7
394
6303
8538
1745
8413
3173
1921
2038
628
2768
659
29
4782
3134
5533
2546
125
6640
3277
8393
5270
5785
7513
4509
5258
524
8294
6912
5235
3373
7073
5288
9257
4200
5018
6356
7783
9952
2144
1137
8055
9005
246
3531
136
6540
7353
8780
1095
7682
9003
616
8628
750
7491
1191
8736
1596
2605
6354
9734
3471
1763
8655
2398
5792
1897
4873
5194
9782
8632
629
2351
6308
3392
41
1959
3800
3541
5764
8668
592
7437
812
7196
3938
4717
3089
3619
4483
3285
9353
8775
4050
483
129
5720
9343
3315
1627
2096
7028
34
7755
736
4461
6500
9796
1513
5701
3976
7992
3558
3762
7656
2570
8676
1147
9455
7047
9950
3944
7198
5468
5173
6878
529
4680
9417
7625
9374
1645
7197
830
8029
1053
7650
7016
7087
3099
6973
6561
9779
6533
1019
2790
7794
7594
2360
6677
6576
7648
5606
3620
3325
6
880
7595
2796
6560
2971
4512
8921
5442
7890
1417
4803
2548
4647
8761
9377
8251
4617
9980
7659
3179
283
2087
7813
6691
8659
3444
8491
7993
3355
9860
4536
4427
1377
1549
9035
4329
1283
6228
3226
2982
9584
4173
1247
2636
6746
3065
4858
3711
9420
9907
4423
6601
3314
1000
7343
8935
8136
9834
9891
1131
5051
1955
3654
9218
5493
8559
1238
9149
5766
5650
1949
8834
9817
5462
4002
177
653
1012
3467
1316
1290
4179
7106
813
4262
6243
5642
6352
5883
8885
271
872
7769
1844
3477
6837
1827
8476
6702
1165
254
3825
1516
1508
655
8316
1964
7425
6783
4152
5795
6529
2515
1461
4379
1343
599
2697
5806
8762
2740
3252
8244
6026
8339
1628
4201
9647
3153
8672
1962
5594
164
220
6570
4657
3383
5511
8625
8216
894
9015
1218
510
4879
5920
7864
3594
6197
9495
2196
3560
5281
3360
7116
3549
9199
8448
4987
8936
5633
1451
7227
6031
538
7793
5994
9151
1547
9370
3638
9291
8829
9121
4575
9810
1784
1632
2666
7027
8872
6171
8415
7685
2931
3361
8475
4612
9764
5079
3402
4476
6001
1309
9328
8247
8645
97
5193
2327
6793
8804
2399
3432
9812
3666
1344
7828
985
4452
5430
4562
1318
3712
767
8108
9207
4311
9457
9845
7350
4499
6969
2455
8985
9787
9825
810
8319
1630
5567
9573
3599
1052
4323
7271
1861
8667
2018
7800
3663
1084
8969
8465
3655
2489
8382
5317
9234
5158
6198
1533
9246
9033
2650
7257
8860
6524
7079
2885
7415
4391
578
3702
7038
3872
9681
9130
5310
3748
1274
9908
1395
2579
582
4697
8640
1061
789
2103
1812
2798
6593
2945
5761
8473
7045
5926
5834
5064
6539
2795
537
451
7819
2586
3874
7876
408
516
4239
586
6055
324
2979
3940
4353
4230
1245
6417
3866
6676
4588
8658
6323
1387
3913
3682
4951
8553
5161
1983
9875
4406
3548
3316
6661
7299
7361
9195
9447
8034
645
7968
3846
890
2147
4312
2535
5846
4531
3778
5043
7858
7225
2469
5438
2061
1058
670
3078
5797
6305
744
5365
40
6653
9520
686
8403
2837
2977
2632
184
2045
4078
9325
8746
171
761
3382
9276
2122
2116
3537
9263
7738
6921
4882
9864
3244
8544
3583
43
3017
9700
849
3374
5726
6568
6808
5842
4041
1598
9765
8760
3245
6796
617
6437
7617
2691
7417
2599
228
1543
5984
9510
931
632
648
6215
6525
8098
5665
6886
1204
5459
6736
3805
2461
9870
1494
2814
6430
5144
4836
1929
964
9936
8566
1696
9872
9848
4161
709
2458
3533
9562
574
2529
4914
5556
3100
5249
3093
2043
9852
2074
1609
7156
9114
7103
9002
9910
9
7180
1988
1227
9774
8271
5667
618
5570
5780
5699
2955
8900
1132
3816
4134
1074
9466
6562
6148
9844
3113
1163
1756
8346
1143
9862
2759
6667
889
1806
5101
4751
2841
2717
2127
74
261
5796
6083
3826
3736
5143
1018
3077
4695
9504
8343
1616
5584
7431
1947
2980
7804
7851
4193
5299
5666
30
9892
9226
5843
9087
7223
7915
4773
3830
980
3060
7084
1017
3333
8143
8505
3835
1207
6115
7622
3772
7018
991
3892
8697
1686
7424
6722
2775
4388
8932
3792
1050
5014
7472
7167
6178
8087
3855
8330
300
3096
3297
2665
2842
9478
7666
9381
1125
3969
183
117
2298
9467
2947
2799
7560
1839
1867
1925
5912
2567
7266
7499
4880
6367
2450
825
5492
5342
8574
4029
5128
2952
7592
8786
6723
623
1216
8088
2892
78
5956
3972
1233
8337
8981
1573
7377
4455
3042
9909
7896
8379
7670
9317
8237
1728
7133
2156
2381
9935
7954
2886
2145
1070
5607
3606
4547
612
1655
9602
2821
7192
1203
8051
3456
9338
8263
5867
4465
5772
96
5794
2742
4424
6895
3858
6507
9789
1739
3087
7867
8348
6299
3426
7452
4663
3672
170
1791
3914
5697
4139
9685
1529
8159
7131
2507
4412
4419
9846
486
3037
8039
9334
8785
6900
8342
8420
5153
8743
2384
4500
7894
2651
512
2779
642
9899
7231
3034
2967
5776
6369
1869
3746
4907
8552
4936
6098
1699
5864
5213
7155
5627
6029
4671
268
3735
2878
5255
589
2649
6032
158
7674
9436
9957
288
5246
8622
1574
7741
7104
3057
4501
5530
244
421
3288
547
5338
3389
7341
1066
688
907
7053
9893
6744
8946
8904
9611
8373
1242
2897
3881
6975
3453
2670
457
4492
8267
1954
8984
8158
5263
9736
67
7962
5048
8536
5286
9560
6694
1701
781
7732
7071
6021
3008
8601
65
212
8813
6911
735
2004
5178
3916
6812
8127
3024
5118
5107
683
1752
6106
1560
3876
5331
4886
9306
4753
8338
6857
9363
5992
7777
3142
6120
6703
1984
8370
2851
1432
2003
3609
6093
7996
6109
6090
3337
4528
6623
8700
8810
3875
9078
4360
6089
2132
8814
9655
9706
5564
7580
2137
6832
1909
2275
3220
3186
7304
7093
5680
7278
7359
7386
5832
8973
5995
716
8671
4460
2405
5335
7450
270
1631
6671
499
6634
5319
6056
6747
5614
6600
5256
4766
8938
8104
7925
8722
6438
8356
1051
8828
454
1652
2934
8388
7753
1414
8432
7724
4111
9434
6771
3457
4570
4560
8573
6144
9532
5110
3460
7181
3848
2008
3095
8467
1240
1871
8792
6721
9293
2916
47
699
2178
2141
4214
2056
9925
4863
977
3929
7779
174
8507
7418
8526
2344
3367
6785
9606
3030
1837
2189
8995
2076
5677
2471
4921
1740
6784
8391
1769
379
1919
6288
3466
2299
321
4757
9657
6249
6011
9985
1729
7895
7982
269
4989
8764
9788
5340
8716
8893
3410
9829
867
6321
5856
703
6964
8454
5285
191
9962
3706
6156
9031
4435
2363
367
6680
2682
4506
458
8361
4019
7324
2328
5911
1102
6690
6421
8021
4375
997
8240
7183
9660
6733
5944
1982
1856
2453
2856
2505
332
6104
9119
7709
2352
6632
52
2788
2582
2927
9390
1331
1169
4884
330
8739
9933
9332
5328
313
9225
2568
1023
9525
227
1551
2577
6412
8577
1040
4892
9126
885
7056
9404
5742
799
1565
8584
1576
6317
4602
1930
4364
7952
386
4966
9496
3148
2630
3689
7483
6216
2217
7831
6382
9454
4919
9674
2400
5908
6012
602
2858
3256
3626
1975
4381
4634
1385
7326
3768
1773
3371
1246
4539
6154
5542
4275
6880
5647
5228
7262
217
5114
4910
1651
2007
6959
7897
3693
7209
325
1294
8557
7565
3534
8009
4103
2951
7074
9439
2247
3851
8617
1090
2782
7399
4055
5960
1824
4110
9204
8989
8148
364
5957
5683
4218
1355
8024
5907
9701
7406
278
2702
360
6954
1555
9719
3223
15
3303
9536
2078
8753
3722
6606
7830
5120
1009
3157
7932
9084
1222
9778
7965
2365
6306
1685
8589
897
3338
4009
5045
3138
871
3474
5053
453
2467
929
2920
4656
7235
8
5454
293
1720
1892
3589
5709
9184
3171
8456
2219
464
310
6334
9557
5724
2668
374
6265
3529
5327
3918
8991
9049
1046
7607
7504
9550
5484
8003
6481
4707
1252
5243
8549
1404
2861
6902
201
6366
775
741
1820
513
4080
3628
3820
2420
821
8070
8017
233
9319
5602
7967
5763
1571
2824
4783
7958
1987
487
8546
5862
2270
8968
4801
3378
9228
3222
3266
7329
3745
8410
2623
3197
3634
1561
9938
831
6331
6625
9232
1528
8884
4060
5515
1534
7416
7475
6811
9769
2258
8758
4447
4362
1650
6406
8831
4933
2789
3192
7328
3836
6342
9442
7790
3049
3526
8016
4619
1192
983
9597
8094
2865
5397
1580
9166
1392
5962
6564
6426
8657
9885
8409
8312
3561
5083
6066
1402
1087
706
5824
353
552
7381
7265
69
1751
1890
8616
1527
624
2776
2414
3740
1742
2553
950
3185
9300
5598
3833
4226
7001
5041
8138
1503
7574
1706
7842
5465
3837
9018
3742
7049
1350
4313
7479
6698
1376
2165
8765
3032
9043
1542
173
9444
1142
2288
5869
6054
3737
5767
7255
3909
5865
3305
9089
5353
9409
8074
8708
6381
3324
6862
5333
1334
5521
1915
7746
815
2756
8769
7559
8304
8790
2622
3004
3127
9745
2321
7679
6273
8870
3660
5098
9666
477
1171
4637
9976
6918
8022
2339
9806
7310
4166
8412
3442
449
7210
727
2346
2855
8610
2142
8651
5695
5115
2500
333
6131
5651
6201
4887
7694
3200
5392
3416
1401
1462
6720
5569
6196
5326
1007
6750
357
388
5075
5568
3757
4881
8341
2266
2544
1569
4496
2943
5049
4481
8835
6873
3130
1449
6159
2890
1662
559
5062
322
2549
1039
1717
1190
7905
2974
7140
1265
6547
4363
5688
7710
6913
1852
5946
5685
1914
2022
4156
657
7920
1617
4579
6840
5730
1244
1758
6874
1887
833
7630
6567
2684
7725
7999
3811
3490
6111
9307
5827
6763
1138
2583
7078
6263
1031
289
8886
3845
4807
3196
5786
4409
335
7055
5417
9940
1634
6010
3926
3468
3044
7832
9398
5140
9356
8690
1054
9046
7263
919
782
7362
7438
3182
7340
611
4763
5982
5770
9569
3553
1076
8960
5736
9050
2589
5762
5668
6034
5520
8239
6578
9001
8478
8592
6985
4190
8097
6566
1373
2315
2944
2066
1798
3878
9799
2269
2737
9123
8745
2211
1445
6310
58
6489
6591
8787
2607
6217
4374
7765
8947
6281
8485
681
2953
9295
8715
4668
1878
161
9502
1522
8175
5823
9391
4625
3569
5613
3687
6756
3209
9858
1186
3579
9744
2800
5322
2415
5889
2432
1371
109
1969
7608
3352
4824
3725
800
8949
6419
8269
4441
6355
8572
3718
7788
2950
3630
7405
7429
7736
5423
7886
7000
149
8401
8740
1637
9995
7119
9849
446
7228
3262
6772
1410
7346
1259
3419
6498
8036
9592
2210
8084
1030
4277
2659
7166
6380
5433
3358
3375
6666
6411
9159
7706
5592
3883
3058
917
2330
8259
5940
8982
6373
6099
676
4282
3155
9731
9988
9473
5725
3784
1966
2617
604
2477
6472
8720
2873
707
4678
7937
3309
8288
6457
1928
8818
8846
6045
844
9068
9129
425
7238
7693
569
5035
7088
3691
7111
8193
7203
2928
5689
4026
8314
6949
8131
588
6960
1173
7715
1870
4109
9710
5134
4925
6505
570
6409
1133
965
7099
9522
819
6297
9375
9617
5452
4943
5471
1141
4366
3390
2254
4306
8506
9673
1613
1276
7154
7336
181
3379
5224
8733
8229
5168
8952
1422
5411
5374
1212
9942
1711
7385
926
7057
9245
2297
5129
9251
7172
7827
7153
2571
118
9086
3832
6508
6212
2205
1126
7900
2261
4971
3576
1818
4686
7224
3191
8768
4661
9395
7796
2202
7090
9671
7427
9024
7447
7629
9342
3446
4994
2370
9441
4276
3831
4107
4205
8661
3328
8405
4746
5300
9315
4662
363
4922
5490
5931
2968
2470
7991
5545
542
5034
7315
7445
6087
9866
7481
2576
6030
2472
1874
5139
426
6422
2879
3211
6635
3214
8732
2559
5884
1037
680
3598
9083
2259
3243
5092
1415
8445
4222
5074
5986
3662
4902
1570
6519
8305
8162
9767
5902
2084
8759
7352
9138
4326
369
3896
9481
8323
9058
2818
9463
8585
6870
7810
6850
4415
2806
3290
7292
4901
6871
3023
1400
4387
3749
693
1235
8683
927
7199
7546
654
7939
5287
4718
4737
1828
900
5265
8523
1767
2204
1641
1065
7887
506
621
6103
6414
9836
3202
7699
13
4057
1220
5656
2324
1342
6953
7139
9382
9268
7291
1663
8199
9890
9873
5070
2628
7902
3963
5150
2231
414
2812
7464
5429
3431
1822
3758
9140
1515
6920
8031
6757
9281
9113
3530
8529
1301
3695
8875
1155
5784
2822
970
8438
7006
8830
4855
9709
4593
2561
548
7202
4696
4486
1357
1175
5363
9341
2019
1770
1723
1008
606
8399
4493
1517
5217
892
684
7784
1107
823
3047
6205
3766
3821
6485
3469
9389
9687
3802
7105
1103
714
3704
3575
5514
5971
7033
2329
9526
6740
1363
9269
6782
9632
6732
5574
9820
5921
1666
6642
6071
6092
6190
6292
6298
6405
8665
4096
8534
4438
7553
8771
3039
4211
1004
6739
4163
9386
4
7102
1278
8881
3807
2172
7599
3588
1209
4131
3122
9996
3988
1934
8840
5555
98
7380
1911
9335
2868
2182
2491
3154
8919
4591
1557
6442
1695
3500
8943
4710
8429
1028
7573
2985
3640
4815
7626
6550
5964
9859
6496
4393
2706
9459
2279
3765
3608
7870
5448
8528
4283
9971
8345
5469
5170
8648
5657
4268
584
6697
6474
770
5559
1521
6685
5259
7295
3427
2285
4820
6946
3952
7332
4688
5539
1848
3923
7009
1091
685
481
5670
8503
5124
1585
8255
4685
5816
9746
150
2629
3670
4616
4679
2216
3254
9571
2079
5671
8908
5296
1621
3411
2464
3513
3984
194
6669
993
1236
3312
5743
8231
9186
3176
6044
8072
7044
3441
3280
9110
1453
4852
9761
9780
3353
2566
6729
2100
6714
7030
8268
2969
7776
8913
6309
4197
4712
3175
8847
884
5276
7367
731
7892
9252
3547
6225
2536
3882
6897
59
7449
202
746
8321
5157
1894
361
2883
8496
1813
7631
4576
6726
2422
2626
1738
9707
973
9865
8093
1174
8442
6776
4584
5040
6492
2112
8578
507
6153
4517
1735
4425
4006
9122
6917
7583
2397
2248
5968
3
6168
1160
1034
804
326
9094
8102
6896
9519
1649
7296
1694
1898
1231
7824
6794
826
415
2192
6091
385
5711
4315
2408
3370
5160
9622
1550
4035
4709
5418
1858
3069
7584
1732
9322
6819
8308
3074
2435
4561
3889
5899
2972
3633
2534
492
4128
9160
2323
5176
3228
3551
8649
8245
843
6980
5295
5123
4270
1154
5581
6388
2051
3581
915
9926
1624
7642
1681
2501
5214
1491
3964
7903
7990
9490
9099
8713
1885
4468
1080
6079
5136
4056
2508
4503
3661
4022
8817
3517
8257
7048
4532
4485
2525
976
3346
7165
940
9531
3131
2884
9248
6471
4039
6319
5108
4965
145
6580
8853
7400
4444
5426
5837
702
5892
9661
8542
127
7236
2492
5266
1672
1499
4978
5227
5060
6971
4014
3624
2539
1936
7846
2785
665
5025
4255
2403
3425
9274
8849
9368
555
3270
226
5805
1638
100
6418
6509
1606
3860
1834
1625
6537
4133
9231
6232
3967
8328
1803
2530
2575
4633
6181
1168
9920
8774
2823
9970
4868
8332
8883
6415
5698
7720
490
1335
5905
4845
1808
8466
8151
4288
1128
2680
8754
822
8712
8253
409
4093
2484
1882
5988
5325
960
2707
9616
119
6996
4794
8404
4759
455
3187
6296
4733
3924
7838
6372
1134
7284
2562
6283
2866
7410
1332
9604
3611
3018
5634
1313
816
6486
1260
5750
1156
298
3091
6731
5523
2308
6433
3910
3299
6875
4670
7775
5918
2021
1832
219
6123
307
1205
7633
8060
5024
3659
2744
1078
251
2067
6238
1500
6976
1724
4841
5941
3231
8988
9044
6184
7758
5525
2150
748
5625
1056
4024
5280
6495
4889
5976
3797
9471
5610
972
4523
2242
9287
4957
162
5547
7037
4011
7801
5508
8407
5275
2031
5470
3001
6220
9288
2954
4124
7036
7555
5687
4319
9711
7459
9164
1312
9555
2793
4537
7142
3188
1001
7211
762
5032
7297
3578
4786
9081
2973
4519
6815
1122
4088
3793
4837
723
9092
6786
1439
4931
5575
5485
8579
7068
7137
79
442
2736
923
95
9552
4477
6346
5927
7411
5381
5849
6167
6410
2847
2024
4667
6436
1796
971
6535
8220
2693
3989
6849
1653
1502
2752
5678
5061
2114
6207
5122
2294
9064
8299
6559
4278
7956
2723
225
1349
1466
5494
6387
2476
5626
3368
8629
1544
8845
5393
3650
7289
3782
2603
8493
9440
3068
6384
527
273
5346
5068
2138
5262
4003
4644
9004
5715
5660
4194
3828
9842
9219
8922
5082
6358
3110
9146
8918
8597
9450
1775
3129
4203
2305
3621
4498
7457
6725
7579
4747
250
3283
7961
3343
4998
1648
2466
8038
4043
5565
3005
1393
567
6081
9178
267
8756
2060
855
8274
6165
838
7761
8643
262
5219
4231
8313
774
8965
286
8582
6398
9042
3859
7054
7716
9805
5434
1575
2867
4920
952
3302
9330
4742
2819
7570
5904
5090
8119
4487
1849
8533
2452
3264
8265
9170
8562
9345
3417
2316
7647
479
9818
2349
8508
4178
2679
1783
6957
8837
2893
229
6705
6541
9346
5316
8154
8198
1572
8928
913
560
9032
3271
924
1195
695
9437
6555
3051
1841
6222
6182
6512
6086
4597
1475
1228
5463
2249
7989
9367
9656
5311
7639
3306
4432
3776
4160
6242
8048
4830
2252
1644
1399
2154
1800
3615
8944
1880
8898
6649
6999
7527
9752
3218
9387
2146
2638
8168
6326
4253
8189
2133
6641
4926
995
247
7749
6778
62
4977
1120
8437
6477
5414
3798
3406
1896
8626
7490
5352
535
3667
7945
8511
5308
2685
8218
4195
8639
5990
2602
6007
8755
1787
8633
1071
1524
7354
9067
8905
2347
9861
3861
8850
3159
9189
8281
5913
8296
4007
7733
4238
6674
6768
5629
6977
1372
2809
4530
5008
5782
5895
7530
4338
3097
1579
1391
8226
8326
2223
7854
9205
3639
3644
9771
8397
3605
7723
1779
6596
1888
3206
1456
8497
2462
8241
3015
5714
8260
9101
7593
9193
3771
3484
7085
3864
3966
2468
7279
9708
4015
5719
4495
1937
766
5998
1960
3873
1862
2811
2378
6142
6997
7294
6842
1148
5859
9583
7163
5361
9227
8992
9057
8901
323
1879
1709
9008
863
5561
5735
595
4141
237
8776
4735
9843
2037
285
1658
2703
5924
6914
6841
2115
1563
5959
8642
2786
5700
1310
6403
2407
8879
2688
9658
6133
3951
8800
2758
8170
1478
4445
4443
9278
2314
2595
2726
1605
3592
6467
8287
2119
634
5223
7397
8726
9665
8980
9682
3528
3931
7390
2214
2276
2380
7987
8851
1690
877
9474
9929
5676
3339
5810
1429
35
7063
1944
876
5734
7187
5398
9461
9814
9150
9588
2715
3021
1442
4524
1351
3237
4900
5188
2020
837
9446
1436
64
8482
5012
2425
9589
1996
5839
5536
3597
1677
8551
9728
2089
1256
8644
2121
4436
1680
1589
6967
2640
5368
8823
1682
7719
9723
3496
9699
9168
9000
7809
8395
132
8747
9402
5969
1854
5408
6363
1704
1520
86
7152
398
2459
3106
2560
375
627
5748
8961
5093
4655
91
3895
939
8896
1382
255
7955
5184
5499
4229
6523
7582
1519
8912
5498
8678
2232
1295
8530
4799
4213
6809
4522
5289
3538
6990
3948
207
2637
573
9465
9512
9635
2663
4743
8457
5783
2059
8027
2177
4122
3259
8041
8723
3814
9021
2278
2341
4554
5517
4720
6121
6325
9800
42
1908
9591
2960
159
7029
2661
6609
8487
5694
4149
6192
9931
5608
8035
6208
6245
1905
2335
3507
9874
1568
6122
3755
383
6213
6881
3224
5192
8376
7426
3983
4628
910
3454
4225
8122
7657
5279
4451
2497
9853
4494
9235
3332
7215
3156
6575
6820
6888
8266
7703
1530
3445
3323
8561
2485
4675
8500
541
3322
6074
6651
3788
878
8204
3085
3894
8696
48
9494
9827
8014
5148
6610
9737
5601
8400
3724
2780
5386
1674
8653
7645
5314
7707
2593
1762
5646
4744
9264
1977
6553
2898
1114
9290
4336
1881
2698
5943
2554
3014
2447
1826
8887
4305
491
488
6158
9214
8230
1788
6645
8593
1485
4871
9333
6908
809
5663
5375
2803
3149
7147
6173
2102
4621
5181
7603
5506
503
420
4970
7290
7873
3810
7247
6753
1292
6615
3570
5632
6942
5648
6033
6324
7252
9011
276
9691
7349
1916
6389
8212
1910
1603
870
2272
4665
4148
5538
7572
7785
4142
3133
7812
4578
1778
3150
2197
2311
5954
9357
4535
9619
1749
8798
5204
1523
6865
9028
7531
8077
700
428
6644
2130
1840
5472
7309
9418
9183
7983
5652
3970
6863
1323
743
6514
141
908
3036
7587
6365
2721
7497
2750
3452
8543
5020
2481
1538
5218
4266
2091
236
3404
6594
3591
320
5427
7441
6113
4622
6291
6396
1269
6984
7766
3242
509
1734
726
7237
4153
2716
6654
7325
2482
7977
6839
8107
5449
3580
6978
6892
6206
4546
3720
7637
2849
9990
8334
6681
3247
8806
8140
6260
2440
4700
6146
6015
2634
5482
6413
8145
1567
9217
2124
6673
4572
2373
3356
5337
356
1640
5507
9919
1626
1099
6272
9468
5909
4724
4021
2267
5089
7330
6657
4923
7526
4220
1487
9141
1507
7844
1943
9887
6515
752
3344
1904
4260
9038
5877
2180
4421
1320
3617
6335
8565
3300
4963
6390
2053
4939
168
2926
1036
1525
4206
279
7613
6659
6275
9378
6982
2345
8464
1622
8688
5522
8976
6497
3763
7614
1759
8590
3539
580
8295
9828
4890
3107
9358
1365
7486
4986
2749
7017
9074
6328
6803
3071
3350
7787
9103
9411
9045
2964
6860
1348
1306
6456
8545
7509
9998
583
4426
5474
318
1794
1771
2970
2708
3961
8096
4403
904
2914
8435
7988
5513
673
4025
7745
5372
5050
411
1116
8115
5972
9433
7567
4066
4567
3115
9182
7179
9072
4240
3514
5553
3629
4569
3728
8270
7931
5257
8602
5793
1509
2857
6924
5896
4058
1842
2175
1424
5961
2627
986
6629
2427
7130
7869
6227
9326
1554
1124
5916
6845
3163
8940
4344
1064
8472
9303
3403
9594
4846
6258
8277
3681
1419
5617
7571
2609
994
6175
23
27
5137
8843
3492
3063
8873
9803
7877
3052
2683
6692
7124
2212
2412
7641
9209
2641
4814
2922
234
5446
89
9426
6248
811
5111
5329
8378
6898
4237
5809
7634
1271
4245
7439
1250
2956
365
557
6376
6345
7757
3195
294
9023
2654
2429
6708
2581
2880
8748
8202
9229
4940
6836
7293
1999
9869
2268
2015
1264
8624
5847
445
2213
1673
9546
5038
7577
4813
4358
1978
7534
1291
4028
7285
306
70
6858
1970
3770
5840
3596
571
5973
1893
9542
7419
8306
24
3502
2834
5799
6195
2988
9361
9794
3738
5466
6391
4946
8385
1448
9212
37
4470
8458
6070
7463
1610
8368
8941
3012
2826
7908
6728
5835
636
1411
6172
5421
1464
2243
2143
7280
9994
2827
4829
6665
4750
6364
8808
3949
9603
6193
1111
9200
3993
2545
17
852
3643
2044
7604
6678
1010
1474
8547
2389
5788
6425
3491
2342
8099
5936
4941
5046
5047
7366
6947
140
4151
7123
7040
7515
4037
5354
6961
4071
9627
4371
720
9721
9339
9578
5334
7585
5058
2164
7026
5572
8859
3795
7182
7025
797
8752
3062
2600
4247
2773
4603
2033
6374
6527
793
166
8865
7239
4513
4883
2512
1764
7358
6658
3433
5991
6239
1354
5887
3440
5641
4235
4738
9320
8110
2921
1021
6329
9898
2170
8213
4754
8103
8279
1693
4776
7942
9249
474
5802
8275
4155
4716
4264
9576
2371
1985
2689
2442
7578
3920
465
9815
1379
5379
1059
4484
9539
8744
9037
4434
475
3449
8210
7098
7008
8607
4069
8301
6179
1386
9722
4376
3443
3438
473
56
1754
8462
6598
6650
1183
7468
3958
1722
7462
4181
5315
777
7547
1774
8331
122
5171
1506
1961
9897
3329
3572
8174
2082
6022
2199
5044
4334
5948
2490
2520
2173
5519
4380
8481
235
498
1990
6327
1901
1810
6256
9397
1489
5127
8488
508
5643
3796
9266
7632
6903
7917
8364
9337
8979
1253
8604
1106
7121
1492
5042
9851
6503
4343
221
4158
2835
3400
7485
5560
6695
463
9596
7510
4964
1629
667
3840
6622
1273
5690
7914
7446
8433
2110
996
3478
1584
531
2287
8408
3546
4752
8567
190
7022
3865
4168
4064
9410
4592
6672
5323
5745
8200
4527
9911
6798
4607
5175
4771
3485
8637
2155
9036
3414
553
7259
9932
1714
9156
2648
1013
740
2423
8563
8539
7998
847
4916
1063
2263
4944
5939
1287
2844
403
3979
4023
8246
8779
4285
5225
4067
317
4819
8704
9649
8402
1692
8042
8453
7267
1298
9730
5154
9117
1471
9839
4129
2129
5844
1753
1688
8372
3102
922
9244
9144
9220
2355
5886
2431
5662
9751
3274
1347
8524
4774
1182
6116
1420
8354
4573
9541
5590
2040
7782
9826
5364
8914
968
3448
6287
8142
2619
8910
3685
8509
8061
8862
4147
8987
7060
4645
9462
1657
7127
7624
4975
8032
3980
9993
315
6834
1821
4832
1731
6127
4793
7523
5578
9756
4372
7623
5552
5965
8675
8080
218
2531
495
6009
2006
5026
9819
5304
5222
3841
7803
4118
829
2140
2528
7470
1003
3094
8803
5209
8680
430
21
2475
1884
3982
4529
7744
8519
2745
5983
8474
7170
6826
2428
9034
8540
4233
3904
1473
9016
9579
2416
4558
4692
5873
5152
7984
8428
179
1539
1152
1215
9516
6613
4497
8205
8541
6126
1614
3045
791
9128
7951
1441
4075
6194
1117
4894
3900
6605
2730
2281
3019
7576
8196
6884
1135
4972
7861
6454
7129
9355
8350
6100
5348
8660
1939
7619
7849
2446
1170
724
1325
6848
8459
9809
4895
2731
5399
9934
9052
6979
2587
6036
7492
6828
6517
2239
6466
3732
6049
389
4416
4314
44
7342
649
55
543
8858
9029
2592
792
329
352
4392
3657
6465
8635
5737
8937
2036
8832
3291
7816
7923
4108
4489
7383
5801
6330
1675
5710
4321
7649
1047
8634
2882
2673
5099
8799
6393
2719
9999
3696
3476
5702
5674
4725
2002
7860
5669
4090
75
6585
1237
9055
7307
4999
7177
3079
9692
8310
6439
5765
6769
5771
7786
7589
525
2711
5117
8613
2991
6379
467
2657
452
9693
6444
2092
605
4196
3653
2322
4790
3819
1994
3941
1048
9102
2159
1997
9748
2334
9608
7281
3756
3227
2830
9629
607
4176
8709
1963
5974
633
5551
6057
6274
1795
138
7697
4119
8233
1660
8365
439
1566
3029
4202
102
193
36
7946
3995
115
1109
5588
961
710
1768
9690
7118
7928
4182
7043
8512
4294
435
3388
182
2846
9580
3862
4042
3775
7882
7344
3499
7907
1599
3232
754
4204
61
8169
1086
5615
7351
8124
5591
8489
4192
4676
2313
4053
4641
7568
1033
5264
8190
737
6041
2058
8797
8560
3386
1823
5585
4714
8463
1511
2631
2573
6501
8725
9305
576
4865
4171
7818
8605
9152
1713
6867
1765
5004
9918
5410
3822
4020
8164
9770
7675
8569
2918
2107
8631
4378
7430
175
7610
9838
346
540
4357
153
12
1308
8796
5611
8999
4952
5815
8010
241
1889
8309
2368
9289
4065
839
2191
4703
6761
2426
6981
341
1428
106
4917
7171
4642
4684
4548
9111
7874
585
2000
5369
1847
404
5548
417
9449
4327
6829
1408
2936
8556
4210
1167
8150
5138
3998
1153
9060
6569
603
9903
4185
26
6607
784
5318
3891
7250
3357
3867
6112
1293
7676
7600
773
4715
6164
1493
9272
7687
1300
4273
4223
2580
8362
2246
3956
1559
2052
3973
9213
2610
3733
4091
1067
8576
564
9135
2030
7428
456
3366
4581
2767
1324
6302
5893
6853
8766
3347
9014
5428
2839
1336
6910
675
3035
3082
8019
1296
1981
713
2065
1923
4469
1469
556
7456
4216
1537
4929
5661
7863
3708
8329
1736
1816
6065
9749
8727
7021
5791
3919
865
9850
8153
7287
7402
6370
6006
7276
8934
7505
2300
5707
6202
999
4462
8455
2009
8360
1715
1615
1434
8011
8821
7128
6185
2863
1875
9501
296
93
8363
7884
5488
5951
8695
6318
6230
2101
7508
5105
4394
6488
4258
6626
2293
9017
3521
3162
6528
9667
7012
905
4140
9855
9959
5185
8518
4721
9302
7781
2565
4094
2924
2862
2419
412
18
7070
6931
933
3072
9048
1176
5558
8694
6933
2113
2402
3139
4137
8789
7208
1913
7245
5435
7751
2255
3310
9298
7432
3584
7696
8600
3987
7841
9431
9230
6157
4145
5238
6470
3151
9006
687
9445
5359
3557
947
5080
2588
5932
7398
142
9543
3393
9523
1838
7143
2295
864
4818
6558
8750
7821
9915
5221
2540
7423
1825
6013
841
3911
3119
7963
9977
5473
8243
9966
948
3601
9758
6955
4984
8703
9832
8568
9124
3408
795
6882
2550
2506
8069
4585
239
9513
1339
9085
9614
5207
2538
6891
1440
5915
4184
6141
6712
8816
423
3707
4302
2253
1358
1931
9727
3472
9233
6579
4630
5654
3194
5200
9937
6904
7621
1375
2486
8971
478
7507
7275
7743
8273
2283
2746
1712
6727
301
4861
5244
5933
5475
5860
8689
1656
7940
3968
4027
8647
3977
9676
6994
3461
6211
8575
9716
1716
751
2959
1450
5422
9413
759
7466
9791
6233
757
8614
2639
8996
1225
7268
5460
8931
7798
5102
4175
3341
625
6531
8113
2449
4805
6155
2438
4681
9538
6864
1940
5922
9372
2073
8652
1705
7414
328
9630
6269
2220
33
5441
7566
8374
5774
337
6965
199
7669
8735
5664
7588
3587
4507
8139
1501
3647
577
7848
2646
1726
5347
5282
3839
4769
3292
1942
6589
7691
5876
8730
2280
4666
6064
6294
8302
5777
6252
8000
9460
6998
1322
9324
7482
7075
1068
4095
9115
6427
9127
1659
8877
9840
7936
8058
7673
14
9879
5878
2409
393
4840
1121
9857
7091
8930
5234
895
5146
7551
1421
5145
4316
3268
7802
1032
8443
5888
7173
3679
413
8608
981
1760
3210
1691
3437
4350
8359
7556
3761
6916
9373
1213
1367
3543
4938
6893
8155
2118
9688
771
5005
7654
7695
7825
2226
1814
3844
903
5260
5180
4723
1020
7974
4762
3172
9340
3180
9979
3135
5741
7944
7979
4508
9968
5009
2233
9554
5787
5019
2521
1463
2770
3880
7347
8882
4608
951
8383
6339
9158
1022
7421
4504
6350
2658
5993
1285
9443
3399
4779
5036
484
2732
4234
6473
4755
6052
2958
9715
7852
6271
7919
2379
3269
2200
6827
9492
7722
8056
2864
6687
9561
850
126
8997
4549
4798
6504
8225
462
8064
3385
9884
646
8855
2709
291
7814
5723
6203
5056
4590
2240
5639
2025
6362
1457
7677
4635
2836
2083
1989
8878
3511
1015
9600
9902
152
8386
4079
4084
5324
6304
8959
6169
9867
9944
496
1703
4335
3787
9733
2662
5978
8249
200
3898
1667
5203
1158
5919
9725
8609
4431
8948
7149
8483
5376
3936
6706
1268
7684
6214
8209
600
3480
6915
3246
8742
3905
3070
4533
8333
4727
9773
110
4246
5728
5999
6612
1029
9241
4827
4702
4269
1383
7911
3481
2504
497
1229
7653
6067
7448
2444
4502
2265
8071
2976
1042
4962
9331
6353
3603
2376
4624
6599
1780
5015
2555
1217
7191
4083
1684
2185
9598
6082
9621
5489
5094
8439
4626
4862
6176
4298
8128
9489
4252
6526
284
8781
1785
7443
4300
9945
8117
2910
2162
3838
8669
4224
1973
7845
3273
2671
1327
8211
2621
5880
7889
5882
2367
5722
790
3700
9424
2848
4236
3568
2887
9882
5496
6825
7108
1369
4586
2193
8254
8252
5852
9202
1277
1254
9243
6549
1938
8848
4165
7950
8909
5686
7536
4354
2499
7569
8677
9025
7535
1083
1465
2390
440
256
8620
7113
698
8425
1590
3345
6754
9206
6078
1267
5164
9895
7201
6831
7924
7922
3917
9312
4351
1556
6458
5
4974
2126
1498
8450
4997
354
3054
7408
500
1697
946
6846
4606
5031
6646
4369
4912
5201
133
6332
7926
4410
6869
3930
7013
9581
8300
3710
1797
8387
1359
3815
6316
5855
2695
4301
6577
1129
9757
7253
6987
8962
9672
2097
1497
5696
1623
956
4420
3971
1700
2572
1261
1262
8073
6835
2296
4183
8186
8026
9365
671
46
1483
101
3494
2999
4040
9321
7422
6152
4407
3116
154
1096
6586
1972
3676
3677
2597
4187
88
4480
7522
689
4263
432
5305
124
7145
1782
7216
3447
6483
1266
4930
5746
8630
7692
9973
3391
554
5174
5394
8517
5531
2465
975
5644
7957
2558
9098
3582
2222
2590
8809
3886
6250
370
845
6962
9351
8772
1433
7899
6551
3125
652
4979
2578
6852
2483
1407
1583
9514
4164
6377
1488
7365
2860
2203
7298
9991
5586
6940
1558
83
2184
312
5355
9143
4683
9509
3943
3933
4479
5828
930
5881
5740
9188
8327
2256
4981
3522
6816
3942
4439
1299
6830
6774
669
3545
1995
9587
6876
6378
1974
2260
6619
3407
7032
9265
5464
9242
8163
134
8986
1423
32
9720
9718
3852
1835
7997
8889
6506
9642
5360
3372
6097
8714
3165
5898
672
2151
5362
9577
3424
5587
7552
2302
7134
9967
3990
9475
8006
9739
2556
7081
4471
549
1952
5247
3946
4199
5401
1282
9883
3009
2941
9804
3885
6315
3066
9408
7651
697
104
2417
6939
5577
3567
7023
4653
9065
5935
9238
2704
6199
4869
2690
9755
9549
3992
3250
8085
2518
6076
9975
6014
1341
909
68
3648
866
390
3413
7686
928
6301
1224
165
8570
6735
9574
7337
8498
3849
9590
5230
1956
572
3221
6218
84
9900
3759
2601
1184
3934
4347
9686
8025
8188
3697
3645
8888
2502
5727
4016
875
1479
2348
6348
2128
9096
2733
3215
8825
180
8599
3208
6395
2071
6683
5894
2171
1851
4860
9348
9069
4004
3418
4596
331
7161
7913
1786
7767
7791
2764
3128
949
8495
3181
2900
9793
7548
5237
9830
4076
9296
7729
1761
8942
1979
4768
7829
1815
7162
8120
8236
2451
7888
6140
9595
7248
3532
7050
8819
8112
4017
6510
4835
8963
2307
5078
5239
222
8180
725
1281
4734
9095
2374
3166
6707
5952
9986
4130
9258
7554
2262
3637
7015
9292
5775
6536
8286
7643
8297
9651
9638
327
8916
545
9785
8687
8318
7086
6392
6643
7837
4908
3284
5059
9192
7112
6534
2473
6791
2179
2234
9786
2152
4719
7532
8738
6557
6660
5807
2430
7374
6058
5309
2543
1284
3803
9601
8839
620
9176
6062
7759
7440
9981
7221
9983
5416
9260
6432
3843
7836
2686
6675
8827
6655
4915
4082
5357
2902
6710
5510
3739
1991
9401
8621
8778
176
4102
8558
4728
3199
5151
8238
5071
16
5130
8347
3184
9792
732
563
3177
7076
214
613
3610
8795
739
4511
9644
5546
9801
5284
8066
9508
396
77
2903
9984
6805
5412
8788
2523
1733
5708
9528
7226
7544
4851
936
9173
4701
6573
2895
8868
1855
6639
7760
5001
339
7521
2747
4543
2109
7545
2034
898
5979
2807
4924
8424
7451
6861
3779
3847
9729
147
7264
3178
8903
6360
7671
7938
729
9091
7469
6520
7953
2596
5409
6970
3678
4903
4741
9125
8389
3959
4876
3219
9148
7606
3716
7516
2042
4553
9951
4967
7311
8537
5271
2771
7906
1926
733
1024
4061
259
7041
3022
2778
6451
7493
6905
8964
1792
1495
5302
4739
8958
6469
7232
8974
4408
5445
1636
380
8535
728
967
7698
382
8090
3405
6237
7138
2230
5290
7561
8866
519
5033
319
4800
2660
4854
9009
3684
2981
7303
5273
2754
8757
4691
1279
593
3313
5003
7229
2063
146
6779
7855
2361
8638
9477
6285
7371
2050
1307
1548
1830
1746
1345
2227
6186
1846
1177
9280
5125
6801
8869
2404
5600
4284
3812
4068
4143
1136
3296
6538
2388
8047
712
7301
8052
3518
7444
9131
2135
4945
8838
3038
8983
5000
2201
3869
5866
5829
3915
2608
2057
8701
9599
1014
6110
6187
9309
8670
9428
9147
6229
392
1113
6073
1957
8121
2029
705
7089
316
2961
1708
9165
8854
2406
8086
466
7646
8591
2174
696
958
6357
2748
988
7808
526
7994
9625
5618
7538
8564
7881
6789
4257
348
4693
6719
8315
5220
1041
9364
3016
7384
1592
5934
2700
9524
1535
532
188
2783
1055
4457
7878
3785
5458
3743
8957
6751
5923
840
4308
3965
7856
2787
6682
5358
5732
2207
2134
2647
6906
3105
9180
817
2913
9610
3120
8674
5798
3011
2343
8427
6521
8037
4729
5306
2236
1757
719
7557
7835
3207
6284
9618
7433
631
2966
405
206
6608
5781
8335
6050
5966
6359
5096
5619
4651
7609
208
7404
2111
5580
4464
3516
3046
7502
7230
6696
7995
198
776
2250
107
9155
1368
4514
3729
9527
461
3261
1185
626
5382
3962
9432
6476
3577
5251
3073
3658
8618
4740
4973
906
5814
8684
2235
5030
9007
2915
8307
6428
4844
3459
5679
942
783
4877
1270
5451
8717
1098
7683
5283
8018
7586
827
8123
9894
9668
5655
6264
6890
1110
5245
2828
9485
8532
7789
1951
5850
9593
5069
9567
4764
7533
3387
2511
2894
8554
299
6513
2963
186
9822
8242
6048
263
7668
187
2833
9088
7042
6276
3265
2487
2829
8550
4361
7051
5636
6806
4749
5205
4918
1430
2093
9430
5566
7615
5981
1743
5065
8663
6039
9384
1665
3422
5183
4843
738
8430
9978
8023
2149
5526
4453
3877
3668
8380
7246
6797
4299
4072
3774
8283
7518
8340
9717
9059
5595
7064
8076
9132
7705
1005
1922
4346
2727
9294
1455
9500
73
1669
3289
2513
6482
8371
8612
7240
4051
805
2356
6988
1280
4937
8499
1468
8492
5747
4292
6119
9262
9215
8494
4250
3092
6689
5332
6452
7454
3488
3240
609
6833
9344
2804
5544
4150
272
7618
6588
6611
9652
1611
6333
3132
868
1179
2755
3646
6349
6134
336
2437
7115
4244
6416
3362
4839
5541
6068
303
5857
4325
4186
3562
7529
3928
5447
6404
914
755
4127
2642
7122
4099
5380
8606
2
1807
7005
5461
3090
2291
2498
3754
2069
1189
5554
266
4286
5597
859
4217
7839
9759
1945
3986
6693
4215
1776
7901
9376
8471
3699
5738
9077
3118
8611
340
7146
7981
7004
6554
9469
4087
9507
3542
185
9807
9142
4241
5162
215
4422
3680
1075
7460
3586
3550
3040
4796
8504
768
5321
5212
1454
2526
1510
1552
6124
1903
5076
8135
1198
8836
517
9297
172
9026
9224
9171
2198
3715
6246
934
6170
3813
820
4368
4386
8923
5199
6709
7317
9648
511
7061
521
1725
8990
637
4629
4833
6838
7612
4568
2336
1620
7885
6770
2825
8666
4756
9483
1092
4545
1971
6038
3899
8059
7661
5088
3501
2410
1817
5349
8531
366
9405
10
6293
3912
1912
5022
2808
3879
5505
9400
3493
3780
1980
3282
6002
5512
4089
1353
5684
5858
4034
3791
5172
3308
402
4781
5456
1272
5825
8095
9157
4826
5716
7520
7737
5853
7003
3497
151
3897
6240
3409
9664
5455
7213
4732
1965
1607
7345
6386
3890
9775
2188
8068
2369
3769
2493
5638
2139
3201
5206
8217
9974
7062
3564
5312
137
7678
7014
6807
8741
6943
7382
899
4595
9841
8815
1390
8197
1119
7455
4101
7039
3985
8956
7969
891
6989
7363
7413
5958
8264
8067
1115
373
2105
6637
5087
2001
6162
4823
1232
8915
4154
9566
7815
4731
2912
4850
5483
8571
1868
6347
8280
7101
3006
5112
7898
4045
5267
2187
5261
8201
2728
5691
4601
2108
941
9383
5557
8369
3369
4736
4705
9570
8811
9210
7204
429
3412
8460
5182
7219
2992
3871
1612
9645
4296
3574
5016
6046
1006
2168
3719
4207
9118
4450
2874
7644
112
7052
753
2604
8421
5778
2047
3401
265
4367
9336
6259
7611
6130
2935
3415
7160
8208
5789
7189
368
6375
9185
7476
4812
6522
7496
5495
7484
2901
7148
9498
3690
1251
4538
9472
1819
959
2318
2753
6189
2777
5928
2027
2743
2169
4669
1352
1093
438
7222
3991
5868
3906
7667
1073
9162
8513
8876
54
1062
5925
6930
9079
2098
8398
