2
1000 1000
685
327
13
61
419
896
735
649
756
880
525
694
153
149
877
386
984
622
482
807
238
869
382
795
544
109
730
461
362
452
837
186
972
776
343
176
522
693
365
830
867
290
185
662
12
399
774
67
716
805
728
490
138
708
810
799
785
306
35
247
672
884
772
108
240
472
829
978
415
424
726
804
687
517
380
210
356
964
839
782
638
625
540
523
495
521
349
562
664
136
45
853
556
563
7
298
11
351
986
701
686
611
706
640
954
536
57
152
668
95
991
378
308
854
345
924
21
734
777
790
778
549
547
781
558
115
447
944
413
449
253
566
163
313
898
488
68
260
992
519
41
377
505
466
384
157
862
633
769
274
916
808
618
603
843
995
117
738
874
48
784
619
557
214
344
285
52
363
127
736
436
227
529
53
887
278
508
89
303
8
920
718
963
977
428
596
635
653
411
643
58
498
667
975
565
681
767
403
1
543
178
212
72
755
451
584
223
941
615
885
444
817
999
55
243
396
206
516
174
815
600
899
865
465
228
92
936
486
712
284
699
724
491
848
140
960
797
131
952
114
838
926
0
97
282
965
840
446
883
745
388
834
199
255
375
10
875
418
102
569
288
866
789
647
760
355
656
713
2
676
913
725
661
861
207
139
602
18
29
698
897
902
123
958
56
342
271
933
296
824
283
354
794
574
957
850
445
616
732
393
50
945
286
922
663
606
809
903
368
801
753
173
63
637
971
401
552
77
792
931
997
359
597
601
888
604
307
112
333
437
366
796
762
502
690
299
692
267
317
32
170
229
183
704
310
184
499
300
142
814
914
232
583
510
395
96
60
588
719
538
205
605
319
912
630
527
561
831
970
387
928
141
94
752
594
125
159
103
580
551
982
189
358
464
915
705
949
405
598
374
493
559
280
579
655
147
281
511
431
714
820
269
62
907
330
582
710
487
473
252
696
129
989
425
402
457
764
793
347
304
610
373
193
352
182
570
507
827
237
751
230
168
909
73
429
325
475
338
265
771
14
791
644
675
757
657
953
34
91
119
715
332
860
339
766
856
567
162
258
998
169
988
160
974
202
101
634
946
468
254
983
121
262
768
146
548
813
652
383
216
758
404
350
930
476
754
811
31
19
721
120
316
925
270
276
116
981
994
614
966
484
220
257
573
467
666
539
500
743
564
133
627
660
158
882
950
703
372
462
242
59
740
177
906
878
477
438
126
196
996
911
541
576
167
448
534
28
524
335
249
572
426
702
420
651
531
658
250
595
439
156
513
20
679
822
492
337
901
626
802
297
593
25
624
151
69
331
371
773
66
234
560
993
872
900
621
266
592
195
219
942
51
889
88
272
798
132
742
264
398
937
400
435
99
700
39
421
5
397
935
575
315
612
239
733
847
416
455
134
423
235
881
590
459
417
749
670
71
665
148
64
471
980
904
442
842
181
917
697
520
613
391
244
542
546
526
412
155
268
440
819
357
273
409
263
671
599
571
748
750
137
855
961
36
392
256
320
293
528
224
806
951
17
111
161
144
107
209
187
180
550
858
441
886
434
241
891
463
305
607
823
836
248
82
74
669
87
962
496
956
746
938
947
967
927
291
65
100
639
370
890
747
608
923
46
213
744
879
26
617
739
654
453
225
783
188
24
93
876
821
939
987
737
80
659
642
122
346
394
191
921
555
407
42
691
585
765
483
481
623
515
427
578
959
553
731
800
934
54
311
729
775
929
770
44
124
868
943
609
348
841
535
720
218
231
410
128
892
682
164
110
385
759
334
727
318
328
302
631
973
406
707
6
905
321
106
587
554
143
577
236
497
221
201
309
9
27
895
646
166
246
165
30
287
203
494
852
650
312
501
422
628
360
118
432
648
369
379
367
825
289
779
190
275
198
175
786
641
645
22
533
844
294
314
851
709
932
279
171
863
197
894
172
456
38
711
919
677
389
113
514
722
4
870
433
684
908
586
154
85
40
532
336
636
918
985
105
78
84
323
873
340
150
845
47
217
295
530
458
828
518
864
130
859
200
849
204
788
324
504
717
98
695
968
23
414
301
893
741
408
208
75
485
835
194
259
251
79
233
763
3
443
179
976
629
990
678
329
846
469
955
832
43
503
460
364
871
222
688
509
37
322
683
910
568
512
70
474
787
81
948
470
226
581
480
826
326
277
33
803
76
780
83
145
261
680
816
479
104
979
135
545
940
353
506
969
292
454
812
450
632
430
211
245
857
833
489
478
761
723
673
361
86
818
620
381
341
689
215
49
192
674
591
90
589
15
537
16
390
376
